85079.25
46856.98
50269.49
72245.39
95313.27
32493.72
425.22
57966.03
51047.68
96837.65
47847.92
1901.08
69764.9
92443.31
73616.26
88795.42
25257.88
88800.53
71894.24
47856.9
70349.41
68783.63
56819.56
99581.53
44038.51
12397.98
821.52
50844.34
32735.64
65512.61
12885.41
42444.35
64643.38
37496.07
29353.33
19160.6
48479.23
44739.92
81397.63
13212.21
58076.59
77944.91
97946.71
8119.59
95024.33
61348.62
42769.86
35214.84
93612.81
22466.19
15143.54
49916.99
26696.93
58425.11
64540.6
66532.11
9224.17
90252.49
11916.24
38024.28
55430.87
33689.41
12134.68
15561.97
80459.19
80419.39
94247.44
72627.31
41397.6
75420.95
93532.78
84513.81
93654.67
55157.85
54747.97
66323.5
54145.92
24214.78
65651.92
23309.65
31222.77
77540.87
79455.09
96337.03
15763.82
98266.62
58322.31
19243.18
99573.57
23093.07
31208.67
86704.93
29892.58
31029.05
34369.15
1481.06
47455.36
74555.83
80754.89
32732.22